# wv_angstroms  f_lambda_erg_s-1_cm-2_AA-1
4.821800000000000182e+03 1.617161147720093769e-17
4.826681999999999789e+03 1.611329123056263719e-17
4.831563999999999396e+03 1.753938316149574769e-17
4.836445999999999003e+03 1.873055116416913922e-17
4.841327999999999520e+03 1.856385119696239746e-17
4.846209999999999127e+03 2.117837349167336163e-17
4.851091999999999643e+03 2.888040144825926734e-17
4.855973999999999251e+03 2.286878666091092688e-16
4.860855999999999767e+03 4.933544843983647791e-16
4.865737999999999374e+03 6.618186341253353333e-17
4.870619999999999891e+03 2.507473357050794027e-17
4.875501999999999498e+03 2.180625873871435768e-17
4.880384000000000015e+03 2.233112081170017179e-17
4.885265999999999622e+03 1.991682647833469828e-17
4.890148000000000138e+03 2.091384573122044585e-17
4.895029999999999745e+03 2.020345780678763351e-17
4.899912000000000262e+03 2.068276941809652970e-17
4.904793999999999869e+03 2.380787545903993196e-17
4.909676000000000386e+03 2.354504771759964460e-17
4.914558000000000902e+03 2.829539268090093208e-17
4.919440000000000509e+03 3.912721043796907015e-17
4.924321999999999207e+03 3.734946545083253750e-17
4.929203999999999724e+03 3.473499241340201785e-17
4.934085999999999331e+03 3.461692106182683482e-17
4.938967999999999847e+03 3.664889132614919691e-17
4.943849999999999454e+03 3.844540153194959584e-17
4.948731999999999971e+03 4.066511829600588434e-17
4.953614000000000487e+03 2.243445043340654928e-17
4.958495999999999185e+03 1.205619025491111632e-17
4.963377999999998792e+03 1.202149248996060650e-17
4.968259999999999309e+03 1.611669493697961949e-17
4.973141999999998916e+03 1.923815943362742855e-17
4.978023999999999432e+03 1.958231563201290995e-17
4.982905999999999949e+03 2.122339125702986838e-17
4.987787999999999556e+03 2.382368356533370223e-17
4.992670000000000073e+03 2.822192714026640224e-17
4.997551999999999680e+03 1.980213020240477970e-17
5.002434000000000196e+03 1.451289943358496711e-17
5.007315999999999804e+03 1.772623430615442676e-17
5.012198000000000320e+03 2.376203517515861707e-17
5.017079999999999927e+03 2.551986131983027252e-17
5.021962000000000444e+03 1.808921688795156231e-17
5.026844000000000051e+03 1.950824640063021351e-17
5.031726000000000568e+03 2.134070155272207420e-17
5.036608000000000175e+03 2.410424957803799541e-17
5.041490000000000691e+03 2.788973989252015385e-17
5.046372000000000298e+03 2.633269347111211799e-17
5.051253999999999905e+03 2.460899361619554887e-17
5.056135999999999513e+03 2.369225052022286085e-17
5.061018000000000029e+03 2.701288374199218858e-17
5.065899999999999636e+03 2.720617978774746384e-17
5.070782000000000153e+03 3.103413667419622376e-17
5.075663999999999760e+03 2.921408213623138990e-17
5.080545999999999367e+03 3.088641669470986996e-17
5.085427999999998974e+03 2.958463308690001731e-17
5.090309999999999491e+03 3.120948904615501685e-17
5.095191999999999098e+03 3.162105002727284912e-17
5.100073999999999614e+03 3.215037503515613112e-17
5.104955999999999221e+03 3.257963557637717307e-17
5.109837999999999738e+03 3.415292793536345963e-17
5.114719999999999345e+03 3.703248774019084916e-17
5.119601999999999862e+03 3.948331603312249904e-17
5.124483999999999469e+03 3.671066151898780745e-17
5.129365999999999985e+03 3.966429262445395422e-17
5.134247999999999593e+03 4.052618580670037109e-17
5.139130000000000109e+03 4.143123382302568793e-17
5.144011999999999716e+03 3.944757250661859063e-17
5.148894000000000233e+03 3.924567227395135854e-17
5.153775999999999840e+03 4.282267276046368832e-17
5.158658000000000357e+03 4.834181120379230670e-17
5.163540000000000873e+03 4.112541814627657835e-17
5.168422000000000480e+03 2.045674255440366443e-17
5.173303999999999178e+03 1.416531251788608106e-17
5.178185999999999694e+03 1.536877923893061976e-17
5.183067999999999302e+03 1.906795785039915091e-17
5.187949999999999818e+03 2.189588834215351598e-17
5.192832000000000335e+03 2.565824456979310829e-17
5.197713999999999942e+03 2.410652322194520207e-17
5.202596000000000458e+03 2.054801078466028880e-17
5.207477999999999156e+03 2.645481848729573700e-17
5.212359999999998763e+03 3.136778630115631367e-17
5.217241999999999280e+03 3.570969819492222469e-17
5.222123999999998887e+03 3.536347030897623285e-17
5.227005999999999403e+03 2.957929418790259473e-17
5.231887999999999920e+03 2.887231477428726329e-17
5.236769999999999527e+03 2.884021505580572955e-17
5.241652000000000044e+03 2.700238303963117733e-17
5.246533999999999651e+03 2.835415352809427664e-17
5.251416000000000167e+03 3.227712837242450670e-17
5.256297999999999774e+03 3.439203661202810770e-17
5.261180000000000291e+03 3.101202503657633979e-17
5.266061999999999898e+03 2.854161867082976745e-17
5.270944000000000415e+03 3.346409076092118609e-17
5.275826000000000022e+03 3.071579540630713144e-17
5.280708000000000538e+03 3.108270044735507398e-17
5.285590000000000146e+03 3.552285428082347985e-17
5.290472000000000662e+03 3.479587423867809006e-17
5.295354000000000269e+03 3.906467537502877889e-17
5.300235999999999876e+03 3.871323215233604000e-17
5.305117999999999483e+03 3.805928349167608469e-17
5.310000000000000000e+03 3.289513723127524381e-17
5.314881999999999607e+03 3.582607600597941173e-17
5.319764000000000124e+03 3.547076205549390652e-17
5.324645999999999731e+03 3.556488110059795487e-17
5.329528000000000247e+03 3.377994103824395517e-17
5.334409999999998945e+03 3.744659547761680273e-17
5.339291999999999462e+03 3.675610506529206684e-17
5.344173999999999069e+03 3.660588750511081352e-17
5.349055999999999585e+03 4.230333766431949378e-17
5.353937999999999192e+03 3.995207212310171962e-17
5.358819999999999709e+03 3.625727840728382286e-17
5.363701999999999316e+03 3.207090708623798043e-17
5.368583999999999833e+03 3.561032016801447236e-17
5.373465999999999440e+03 3.957625166987619396e-17
5.378347999999999956e+03 4.222917534027148921e-17
5.383229999999999563e+03 4.324071407383780664e-17
5.388112000000000080e+03 4.453483798071649975e-17
5.392993999999999687e+03 4.536500248870835407e-17
5.397876000000000204e+03 4.779213864372233469e-17
5.402758000000000720e+03 4.828272943007695003e-17
5.407640000000000327e+03 4.317891582613398312e-17
5.412522000000000844e+03 4.158434407148881392e-17
5.417403999999999542e+03 4.525060424841503826e-17
5.422285999999999149e+03 4.722088077884507895e-17
5.427167999999999665e+03 4.772376423711690260e-17
5.432050000000000182e+03 4.987657970798829144e-17
5.436931999999999789e+03 5.213189387818761707e-17
5.441814000000000306e+03 5.566465498941925646e-17
5.446695999999999913e+03 3.372600756341120266e-17
5.451578000000000429e+03 2.136964985741255413e-17
5.456460000000000036e+03 2.247843350984446366e-17
5.461342000000000553e+03 2.876074179731203510e-17
5.466223999999999251e+03 2.732247672292996168e-17
5.471105999999999767e+03 2.461728177666446004e-17
5.475987999999999374e+03 2.371178493151483410e-17
5.480869999999999891e+03 2.784455712516035221e-17
5.485751999999999498e+03 2.791911032877692996e-17
5.490634000000000015e+03 2.909490090912013782e-17
5.495515999999999622e+03 2.214368900699501864e-17
5.500398000000000138e+03 1.761035314914827325e-17
5.505279999999999745e+03 1.657800848126961215e-17
5.510162000000000262e+03 1.302166491718121519e-17
5.515043999999999869e+03 1.431708279824641039e-17
5.519926000000000386e+03 1.208759969360092272e-17
5.524807999999999993e+03 1.516052663606141825e-17
5.529690000000000509e+03 1.189236413126805607e-17
5.534572000000000116e+03 1.280524755683247566e-17
5.539454000000000633e+03 1.250966043565853298e-17
5.544335999999999331e+03 1.456133617896115197e-17
5.549217999999999847e+03 1.507460566309119077e-17
5.554099999999999454e+03 1.980258629092672531e-17
5.558981999999999971e+03 2.010949968214725445e-17
5.563863999999999578e+03 2.145344730117017659e-17
5.568746000000000095e+03 1.288268735963208036e-17
5.573627999999999702e+03 4.716101449968552519e-17
5.578510000000000218e+03 3.304846561365359274e-17
5.583391999999999825e+03 2.798988246271094801e-17
5.588273999999999432e+03 3.148650491203230415e-17
5.593155999999999040e+03 2.773958142674943826e-17
5.598037999999999556e+03 2.649932140805260999e-17
5.602919999999999163e+03 2.257616344655006088e-17
5.607801999999999680e+03 2.057049311567077199e-17
5.612683999999999287e+03 1.784005701015853370e-17
5.617565999999999804e+03 2.387911682446275813e-17
5.622447999999999411e+03 2.259453260410490261e-17
5.627329999999999927e+03 1.700614116311419686e-17
5.632211999999999534e+03 2.533310264547447660e-17
5.637094000000000051e+03 2.526405740305362874e-17
5.641976000000000568e+03 2.393692199361151719e-17
5.646858000000000175e+03 4.297136899023821350e-17
5.651740000000000691e+03 6.983601293733882324e-17
5.656622000000000298e+03 2.636064327080067418e-17
5.661504000000000815e+03 2.630352335993139416e-17
5.666385999999999513e+03 2.442969574248217296e-17
5.671267999999999120e+03 2.284020515202662537e-17
5.676149999999999636e+03 2.321552362386778475e-17
5.681032000000000153e+03 2.583895498088733142e-17
5.685913999999999760e+03 2.937075510467423985e-17
5.690796000000000276e+03 2.748228658040003649e-17
5.695677999999999884e+03 3.003382474538407387e-17
5.700560000000000400e+03 3.350000167882475905e-17
5.705442000000000007e+03 3.296688300065196314e-17
5.710324000000000524e+03 3.658393765053510417e-17
5.715205999999999221e+03 3.156998488137420664e-17
5.720087999999999738e+03 2.816904921958529479e-17
5.724969999999999345e+03 3.399497742835191393e-17
5.729851999999999862e+03 3.375464837701264296e-17
5.734733999999999469e+03 3.078016915709994544e-17
5.739615999999999985e+03 2.909977946733728797e-17
5.744497999999999593e+03 3.291418392847066470e-17
5.749380000000000109e+03 3.330823414152234439e-17
5.754261999999999716e+03 3.328818563773482895e-17
5.759144000000000233e+03 2.791895215133153795e-17
5.764025999999999840e+03 2.781128009151484132e-17
5.768908000000000357e+03 2.671667524738881714e-17
5.773789999999999964e+03 3.083050576687800960e-17
5.778672000000000480e+03 3.230114682154826330e-17
5.783554000000000087e+03 3.440507790129249459e-17
5.788436000000000604e+03 3.502267497536212900e-17
5.793317999999999302e+03 3.983537097928988694e-17
5.798199999999999818e+03 4.405014165475900978e-17
5.803081999999999425e+03 4.382258176849818792e-17
5.807963999999999942e+03 4.071296117982293676e-17
5.812845999999999549e+03 3.176793284412365157e-17
5.817728000000000065e+03 2.949267762514207564e-17
5.822609999999999673e+03 3.052650635818557449e-17
5.827492000000000189e+03 3.508816138962095257e-17
5.832373999999999796e+03 3.322025861138182093e-17
5.837255999999999403e+03 3.329783376486579584e-17
5.842137999999999010e+03 3.001994796818885089e-17
5.847019999999999527e+03 2.625275026250913788e-17
5.851901999999999134e+03 2.134212399245020409e-17
5.856783999999999651e+03 2.130510968181069872e-17
5.861665999999999258e+03 2.599383396938298928e-17
5.866547999999999774e+03 3.671310539655502588e-17
5.871429999999999382e+03 6.538437675938181207e-17
5.876311999999999898e+03 7.478173629737882551e-17
5.881193999999999505e+03 3.004345822295410685e-17
5.886076000000000022e+03 2.176570594474187576e-17
5.890958000000000538e+03 1.875827014644584153e-17
5.895840000000000146e+03 1.821905603037077690e-17
5.900722000000000662e+03 1.431537161560904262e-17
5.905604000000000269e+03 1.689251826193076392e-17
5.910486000000000786e+03 1.862105407008096489e-17
5.915368000000000393e+03 2.177212634931183153e-17
5.920250000000000000e+03 1.827758827688752630e-17
5.925131999999999607e+03 1.842208453597491906e-17
5.930014000000000124e+03 1.681729174778413560e-17
5.934895999999999731e+03 1.952918595082895928e-17
5.939778000000000247e+03 2.241186857461078884e-17
5.944659999999999854e+03 2.460515137137930207e-17
5.949542000000000371e+03 2.080899956135451378e-17
5.954423999999999978e+03 2.158488062810280280e-17
5.959306000000000495e+03 2.054715177551099247e-17
5.964187999999999192e+03 1.985685079196658975e-17
5.969069999999999709e+03 2.137953448992947742e-17
5.973951999999999316e+03 2.293668660757993554e-17
5.978833999999999833e+03 2.284316632473364248e-17
5.983715999999999440e+03 2.329372960954591357e-17
5.988597999999999956e+03 2.329939128094227655e-17
5.993479999999999563e+03 2.430143519243613961e-17
5.998362000000000080e+03 2.650614723779517849e-17
6.003243999999999687e+03 2.414986130882409631e-17
6.008126000000000204e+03 2.485368684382926890e-17
6.013007999999999811e+03 2.457995281428784481e-17
6.017890000000000327e+03 2.510598634287780948e-17
6.022771999999999935e+03 2.761954518165671801e-17
6.027654000000000451e+03 2.512263616126970991e-17
6.032536000000000058e+03 2.805436475128301969e-17
6.037418000000000575e+03 2.817877231060385994e-17
6.042299999999999272e+03 2.870855351355419448e-17
6.047181999999999789e+03 2.944274797698815026e-17
6.052063999999999396e+03 3.326704219606607915e-17
6.056945999999999913e+03 3.363692892712954069e-17
6.061827999999999520e+03 3.149783463829420513e-17
6.066710000000000036e+03 3.340349948826642638e-17
6.071591999999999643e+03 3.620810187114080347e-17
6.076474000000000160e+03 3.395893271559714827e-17
6.081355999999999767e+03 3.427575092894045878e-17
6.086238000000000284e+03 3.314495096942017495e-17
6.091119999999998981e+03 3.534429189639103801e-17
6.096001999999999498e+03 3.508009980894003526e-17
6.100883999999999105e+03 3.118327354193296699e-17
6.105765999999999622e+03 3.174010748564622412e-17
6.110647999999999229e+03 3.046800647669808334e-17
6.115529999999999745e+03 3.099066927397976247e-17
6.120411999999999352e+03 3.117023268790639442e-17
6.125293999999999869e+03 2.917555932461484250e-17
6.130176000000000386e+03 2.931976448684681347e-17
6.135057999999999993e+03 2.759244648277497336e-17
6.139940000000000509e+03 2.947495311247433394e-17
6.144822000000000116e+03 2.468199655706712336e-17
6.149704000000000633e+03 2.528119182621473607e-17
6.154586000000000240e+03 2.311940581223083201e-17
6.159468000000000757e+03 2.258461289272043641e-17
6.164350000000000364e+03 2.098083316143193421e-17
6.169231999999999971e+03 2.070804830732617785e-17
6.174113999999999578e+03 1.995839963779997890e-17
6.178996000000000095e+03 1.762882274297295090e-17
6.183877999999999702e+03 1.719012086633959564e-17
6.188760000000000218e+03 1.896105925650002149e-17
6.193641999999999825e+03 1.864559512344250726e-17
6.198524000000000342e+03 1.934118278511791382e-17
6.203405999999999949e+03 2.047971089106073079e-17
6.208288000000000466e+03 1.915114077552471419e-17
6.213169999999999163e+03 1.840303205815062241e-17
6.218051999999999680e+03 1.988280241641409786e-17
6.222933999999999287e+03 1.937948616248684050e-17
6.227815999999999804e+03 1.853459419479712401e-17
6.232697999999999411e+03 1.804029390481651240e-17
6.237579999999999927e+03 1.957905066021307189e-17
6.242461999999999534e+03 2.045393589905000882e-17
6.247344000000000051e+03 1.714398042247254531e-17
6.252225999999999658e+03 2.128597336637662510e-17
6.257108000000000175e+03 2.099899925827331559e-17
6.261989999999999782e+03 2.194609025339035586e-17
6.266872000000000298e+03 2.170639008906173578e-17
6.271753999999999905e+03 2.392390069963099882e-17
6.276636000000000422e+03 2.081107829225114855e-17
6.281518000000000029e+03 2.680383581564068887e-17
6.286400000000000546e+03 2.815002235147837888e-17
6.291281999999999243e+03 3.072641474216809205e-17
6.296163999999999760e+03 4.388200384115822138e-17
6.301045999999999367e+03 3.881102718479075188e-17
6.305927999999999884e+03 3.454984474414658448e-17
6.310809999999999491e+03 3.424231800954084938e-17
6.315692000000000007e+03 3.877723296608636556e-17
6.320573999999999614e+03 3.654864778062641452e-17
6.325456000000000131e+03 3.932859299125863306e-17
6.330337999999999738e+03 4.016645734508803558e-17
6.335220000000000255e+03 4.584180687472369923e-17
6.340101999999998952e+03 4.791394813617569027e-17
6.344983999999999469e+03 5.071550484781894780e-17
6.349865999999999076e+03 4.936794230010805990e-17
6.354747999999999593e+03 4.272126769043437572e-17
6.359629999999999200e+03 5.133124444848938032e-17
6.364511999999999716e+03 4.914286180674116452e-17
6.369394000000000233e+03 5.080301378187184239e-17
6.374275999999999840e+03 5.391222323613164675e-17
6.379158000000000357e+03 5.203666870214634710e-17
6.384039999999999964e+03 5.025463614751565965e-17
6.388922000000000480e+03 5.234303648848488430e-17
6.393804000000000087e+03 5.650649853079233695e-17
6.398686000000000604e+03 5.950904015145087091e-17
6.403568000000000211e+03 6.045864537010910443e-17
6.408450000000000728e+03 5.837540804137862392e-17
6.413332000000000335e+03 5.379085342011569505e-17
6.418213999999999942e+03 5.117727819201263428e-17
6.423095999999999549e+03 5.080140579430027431e-17
6.427978000000000065e+03 5.377021145987452271e-17
6.432859999999999673e+03 5.623286141124979416e-17
6.437742000000000189e+03 5.778608075607736361e-17
6.442623999999999796e+03 5.866387722317551237e-17
6.447506000000000313e+03 5.770330712684828335e-17
6.452387999999999920e+03 5.877953383712119514e-17
6.457270000000000437e+03 6.091707325247945024e-17
6.462151999999999134e+03 6.449452139742067499e-17
6.467033999999999651e+03 6.882480620832525445e-17
6.471915999999999258e+03 6.887521285243919797e-17
6.476797999999999774e+03 5.988927631015657780e-17
6.481679999999999382e+03 5.678935264336425296e-17
6.486561999999999898e+03 6.103212816037495282e-17
6.491443999999999505e+03 6.561793483384758575e-17
6.496326000000000022e+03 7.211566627082902686e-17
6.501207999999999629e+03 7.642732403696140971e-17
6.506090000000000146e+03 8.197077971377195134e-17
6.510971999999999753e+03 8.584968875067867827e-17
6.515854000000000269e+03 9.293212104747703508e-17
6.520735999999999876e+03 1.039649004364129989e-16
6.525618000000000393e+03 1.140456651491911897e-16
6.530500000000000000e+03 1.193714011339784788e-16
6.535382000000000517e+03 1.267149409734192922e-16
6.540264000000000124e+03 1.209990284766055078e-16
6.545145999999999731e+03 1.079633710551818065e-16
6.550027999999999338e+03 1.128496886191496266e-16
6.554909999999999854e+03 4.989827005234845287e-16
6.559791999999999462e+03 1.291344450825551598e-15
6.564673999999999978e+03 5.870940617641279653e-16
6.569555999999999585e+03 1.286588502835613418e-16
6.574438000000000102e+03 7.966441023211780169e-17
6.579320000000000618e+03 7.606742246820443579e-17
6.584202000000000226e+03 8.088216722509871224e-17
6.589084000000000742e+03 7.699302050796366494e-17
6.593965999999999440e+03 6.876287619586851943e-17
6.598847999999999047e+03 6.790770379202396132e-17
6.603729999999999563e+03 6.962216673187794181e-17
6.608611999999999171e+03 7.185365622694575593e-17
6.613493999999999687e+03 7.074475950155060492e-17
6.618376000000000204e+03 6.286853096538809890e-17
6.623257999999999811e+03 6.003092980393276739e-17
6.628140000000000327e+03 7.522177628546106594e-17
6.633021999999999935e+03 5.858611867830511879e-17
6.637904000000000451e+03 5.792403901074438906e-17
6.642786000000000058e+03 5.757163216726356683e-17
6.647668000000000575e+03 5.204755319515713455e-17
6.652550000000000182e+03 4.778994807595893883e-17
6.657432000000000698e+03 4.786183435324156357e-17
6.662313999999999396e+03 5.277451556541182549e-17
6.667195999999999913e+03 5.705705351043265319e-17
6.672077999999999520e+03 7.524081776575574290e-17
6.676960000000000036e+03 7.696132647345021818e-17
6.681841999999999643e+03 4.832280746934994514e-17
6.686724000000000160e+03 4.729423363429620787e-17
6.691605999999999767e+03 4.904633754682078380e-17
6.696488000000000284e+03 5.292437908193808665e-17
6.701369999999999891e+03 5.417442539380355986e-17
6.706252000000000407e+03 5.209915789414923220e-17
6.711134000000000015e+03 5.031874632707119386e-17
6.716015999999999622e+03 4.297876946197235602e-17
6.720897999999999229e+03 4.548298688058669430e-17
6.725779999999999745e+03 4.980615959632481587e-17
6.730661999999999352e+03 5.296860193162780067e-17
6.735543999999999869e+03 5.632041648436641625e-17
6.740425999999999476e+03 5.750006899184825893e-17
6.745307999999999993e+03 5.186541820762252831e-17
6.750189999999999600e+03 5.068966765266584326e-17
6.755072000000000116e+03 5.613858021636343973e-17
6.759953999999999724e+03 6.023330978557042621e-17
6.764836000000000240e+03 6.573529798538518355e-17
6.769717999999999847e+03 6.760903828442616722e-17
6.774600000000000364e+03 7.107817796264996886e-17
6.779481999999999971e+03 5.879228405086564296e-17
6.784364000000000487e+03 5.413650475705381434e-17
6.789245999999999185e+03 5.684610990941192173e-17
6.794127999999999702e+03 6.053456436659644827e-17
6.799009999999999309e+03 6.409340799029363097e-17
6.803891999999999825e+03 6.878030865190270495e-17
6.808773999999999432e+03 7.129635806099404224e-17
6.813655999999999949e+03 7.008039666513798924e-17
6.818538000000000466e+03 7.124300085136297321e-17
6.823420000000000073e+03 7.358072974559702588e-17
6.828302000000000589e+03 8.071517764483674923e-17
6.833184000000000196e+03 7.974700876051641353e-17
6.838066000000000713e+03 8.460793596243152750e-17
6.842947999999999411e+03 8.531247124150890937e-17
6.847829999999999018e+03 7.520765299074904729e-17
6.852711999999999534e+03 7.256152982455247613e-17
6.857594000000000051e+03 7.823492280081258670e-17
6.862475999999999658e+03 7.666577706179244351e-17
6.867358000000000175e+03 8.489577885094519762e-17
6.872239999999999782e+03 9.738138451634223127e-17
6.877122000000000298e+03 9.866648376044429748e-17
6.882003999999999905e+03 9.022582991260864564e-17
6.886886000000000422e+03 9.791146482264888782e-17
6.891768000000000029e+03 1.056336870883219215e-16
6.896650000000000546e+03 1.005760176938399509e-16
6.901532000000000153e+03 1.079865726509851732e-16
6.906414000000000669e+03 1.212298234103753205e-16
6.911296000000000276e+03 1.219436666319036333e-16
6.916177999999999884e+03 1.072978738006494074e-16
6.921059999999999491e+03 1.104269700842941067e-16
6.925942000000000007e+03 1.201960597004681388e-16
6.930823999999999614e+03 1.280962230406199277e-16
6.935706000000000131e+03 1.336965924381715281e-16
6.940587999999999738e+03 1.528071979546146714e-16
6.945470000000000255e+03 1.672845700915656926e-16
6.950351999999999862e+03 1.533412635407956776e-16
6.955234000000000378e+03 1.542221646788185849e-16
6.960115999999999985e+03 1.663444380375208691e-16
6.964998000000000502e+03 1.768425761188519334e-16
6.969879999999999200e+03 1.782295305771182628e-16
6.974761999999999716e+03 1.892379583995666789e-16
6.979643999999999323e+03 1.953940522124452520e-16
6.984525999999999840e+03 1.895117746968016294e-16
6.989407999999999447e+03 1.815024817285476404e-16
6.994289999999999964e+03 1.892871580096674846e-16
6.999171999999999571e+03 1.891782470869065227e-16
7.004054000000000087e+03 1.972472942276111458e-16
7.008935999999999694e+03 2.036688472405224966e-16
7.013818000000000211e+03 2.068110801748055170e-16
7.018699999999999818e+03 2.040116071699626038e-16
7.023582000000000335e+03 2.146780844817681519e-16
7.028464000000000851e+03 2.276909927488666108e-16
7.033346000000000458e+03 2.261575866547909588e-16
7.038227999999999156e+03 2.253733895809637263e-16
7.043109999999999673e+03 2.349033070495860384e-16
7.047991999999999280e+03 2.181147481352241957e-16
7.052873999999999796e+03 1.235872006465792543e-16
7.057755999999999403e+03 9.517162682875215848e-17
7.062637999999999920e+03 1.247153918082101543e-16
7.067520000000000437e+03 1.206229161502589103e-16
7.072402000000000044e+03 1.186761765208291729e-16
7.077284000000000560e+03 1.216812470076267807e-16
7.082166000000000167e+03 1.173764646483791223e-16
7.087048000000000684e+03 7.212806354370852631e-17
7.091929999999999382e+03 6.823209885086392115e-17
7.096811999999999898e+03 7.349236556131046936e-17
7.101693999999999505e+03 7.967009673335841290e-17
7.106576000000000022e+03 1.017649016137034511e-16
7.111457999999999629e+03 1.048004237785923815e-16
7.116340000000000146e+03 1.109904518446077630e-16
7.121221999999999753e+03 8.676450030908441176e-17
7.126104000000000269e+03 5.576969572395103645e-17
7.130985999999999876e+03 5.622972550035998062e-17
7.135868000000000393e+03 6.081499617641712191e-17
7.140750000000000000e+03 6.746005381094420688e-17
7.145632000000000517e+03 7.271160730232315070e-17
7.150514000000000124e+03 8.177783839611765291e-17
7.155396000000000640e+03 7.515299209657006392e-17
7.160277999999999338e+03 7.233230312290192670e-17
7.165159999999999854e+03 7.750176955434474513e-17
7.170041999999999462e+03 8.411416503089348375e-17
7.174923999999999978e+03 8.846537090667473610e-17
7.179805999999999585e+03 9.820541326587832774e-17
7.184688000000000102e+03 1.124359856282403367e-16
7.189569999999999709e+03 1.094151748740718333e-16
7.194452000000000226e+03 9.014477238835282425e-17
7.199333999999999833e+03 8.671968086975478526e-17
7.204216000000000349e+03 9.094668513870479323e-17
7.209097999999999956e+03 9.934141334809048768e-17
7.213980000000000473e+03 1.094885467903401705e-16
7.218861999999999171e+03 1.202723161190404685e-16
7.223743999999999687e+03 1.306633046074309719e-16
7.228625999999999294e+03 1.285654689315258567e-16
7.233507999999999811e+03 1.354985772007211290e-16
7.238389999999999418e+03 1.450123294301204609e-16
7.243271999999999935e+03 1.666982296643526519e-16
7.248153999999999542e+03 1.741199640447543657e-16
7.253036000000000058e+03 1.824671151349680480e-16
7.257917999999999665e+03 1.960780085528730144e-16
7.262800000000000182e+03 2.057206447329512567e-16
7.267681999999999789e+03 1.867834721873068434e-16
7.272564000000000306e+03 2.012398178615572140e-16
7.277446000000000822e+03 2.121021065796662055e-16
7.282328000000000429e+03 2.241957308504588666e-16
7.287209999999999127e+03 2.345660653781999865e-16
7.292091999999999643e+03 2.521608803464855858e-16
7.296973999999999251e+03 2.709386867484266865e-16
7.301855999999999767e+03 2.923206677826033680e-16
7.306738000000000284e+03 3.081445058040747694e-16
7.311619999999999891e+03 3.266164987190361342e-16
7.316502000000000407e+03 3.476693766973334381e-16
7.321384000000000015e+03 3.651451820488540542e-16
7.326266000000000531e+03 3.731525675825604964e-16
7.331148000000000138e+03 3.708530039085042467e-16
7.336030000000000655e+03 3.985111487989919415e-16
7.340912000000000262e+03 3.565719594543457362e-16
7.345793999999999869e+03 3.604573285121196662e-16
7.350675999999999476e+03 3.657154514396995859e-16
7.355557999999999993e+03 3.815413436846351214e-16
7.360439999999999600e+03 4.140017389193736672e-16
7.365322000000000116e+03 4.410151157196280636e-16
7.370203999999999724e+03 3.990454357977238357e-16
7.375086000000000240e+03 4.103024719594952169e-16
7.379967999999999847e+03 4.183969110280897973e-16
7.384850000000000364e+03 4.377975956330907284e-16
7.389731999999999971e+03 4.057133825481371030e-16
7.394614000000000487e+03 4.109540742462598311e-16
7.399496000000000095e+03 4.042774387443641328e-16
7.404378000000000611e+03 3.825698895050692029e-16
7.409260000000000218e+03 4.184562402076125474e-16
7.414141999999999825e+03 3.793284741704207290e-16
7.419023999999999432e+03 3.864955403242225552e-16
7.423905999999999949e+03 4.160740038415514430e-16
7.428787999999999556e+03 4.040352167757758205e-16
7.433670000000000073e+03 3.770689569302549458e-16
7.438551999999999680e+03 3.780508918625998333e-16
7.443434000000000196e+03 3.719953130050026560e-16
7.448315999999999804e+03 3.926069306010611719e-16
7.453198000000000320e+03 3.757042650230832952e-16
7.458079999999999927e+03 3.982209759519484430e-16
7.462962000000000444e+03 4.141746299532360669e-16
7.467844000000000051e+03 4.066092128668444879e-16
7.472725999999999658e+03 4.075092255974200232e-16
7.477607999999999265e+03 4.366499287880880963e-16
7.482489999999999782e+03 4.615172478036796533e-16
7.487371999999999389e+03 4.586429705346198624e-16
7.492253999999999905e+03 4.441065289057624259e-16
7.497135999999999513e+03 4.678243220361472120e-16
7.502018000000000029e+03 4.695593874262372589e-16
7.506899999999999636e+03 4.901018097597748798e-16
7.511782000000000153e+03 4.856480375999868095e-16
7.516664000000000669e+03 5.257918332570156513e-16
7.521546000000000276e+03 5.157401131039139986e-16
7.526428000000000793e+03 5.187655471184360262e-16
7.531310000000000400e+03 5.278152930203193661e-16
7.536191999999999098e+03 5.624829307233661092e-16
7.541073999999999614e+03 5.866642456057602508e-16
7.545956000000000131e+03 5.946916761249588409e-16
7.550837999999999738e+03 6.063804571589512924e-16
7.555720000000000255e+03 6.259416192650247780e-16
7.560601999999999862e+03 5.985254219047906625e-16
7.565484000000000378e+03 5.872102760441889312e-16
7.570365999999999985e+03 6.160955719467097253e-16
7.575248000000000502e+03 6.196354413132006557e-16
7.580130000000000109e+03 6.155587500917285645e-16
7.585012000000000626e+03 4.111565993026515748e-16
7.589894000000000233e+03 2.847632593681476301e-16
7.594775999999999840e+03 3.238633229280948395e-16
7.599657999999999447e+03 3.804012129442507729e-16
7.604539999999999964e+03 4.689984485235323438e-16
7.609421999999999571e+03 5.523360603424578677e-16
7.614304000000000087e+03 5.015404340639137684e-16
7.619185999999999694e+03 4.591800843525802608e-16
7.624068000000000211e+03 3.197593039635308128e-16
7.628949999999999818e+03 2.992279357676289210e-16
7.633832000000000335e+03 3.189153122759277767e-16
7.638713999999999942e+03 3.280876317300617526e-16
7.643596000000000458e+03 3.460886427041230022e-16
7.648478000000000065e+03 3.466499441018377152e-16
7.653360000000000582e+03 3.090979655719868265e-16
7.658241999999999280e+03 1.760619834936714651e-16
7.663123999999999796e+03 1.238697382031762410e-16
7.668005999999999403e+03 1.680263948628772630e-16
7.672887999999999920e+03 1.867731965887742126e-16
7.677769999999999527e+03 2.181340667165143574e-16
7.682652000000000044e+03 2.314109663588266859e-16
7.687533999999999651e+03 2.314501344373133254e-16
7.692416000000000167e+03 1.619262363302420316e-16
7.697297999999999774e+03 1.528619111020004339e-16
7.702180000000000291e+03 2.084127517426259017e-16
7.707061999999999898e+03 2.362456615109976728e-16
7.711944000000000415e+03 2.666995500409679697e-16
7.716826000000000022e+03 2.764383825680382736e-16
7.721707999999999629e+03 3.079375165653384043e-16
7.726589999999999236e+03 3.407609642212586647e-16
7.731471999999999753e+03 3.575037090824936934e-16
7.736353999999999360e+03 3.616412145844931301e-16
7.741235999999999876e+03 2.838393133985707188e-16
7.746117999999999483e+03 2.435681912642305202e-16
7.751000000000000000e+03 2.510643916054946739e-16
7.755882000000000517e+03 2.631531528378043610e-16
7.760764000000000124e+03 2.802576327017612095e-16
7.765646000000000640e+03 3.128718354288213454e-16
7.770528000000000247e+03 3.419512571327536304e-16
7.775410000000000764e+03 3.269480014950043536e-16
7.780292000000000371e+03 2.791357935430084736e-16
7.785173999999999069e+03 2.875937836131187434e-16
7.790055999999999585e+03 3.144454361405342539e-16
7.794938000000000102e+03 3.135448002662840773e-16
7.799819999999999709e+03 3.665648740570465499e-16
7.804702000000000226e+03 3.929637193768396733e-16
7.809583999999999833e+03 4.208543225608334385e-16
7.814466000000000349e+03 4.096028715558758516e-16
7.819347999999999956e+03 3.676582326614431111e-16
7.824230000000000473e+03 3.131668705198402956e-16
7.829112000000000080e+03 3.152199214596104368e-16
7.833994000000000597e+03 3.386774086859720417e-16
7.838876000000000204e+03 3.557815897702783249e-16
7.843758000000000720e+03 3.640254800640789209e-16
7.848639999999999418e+03 3.462690840370483607e-16
7.853521999999999935e+03 3.636515176657515835e-16
7.858403999999999542e+03 3.389667073522092908e-16
7.863286000000000058e+03 3.205815598677835990e-16
7.868167999999999665e+03 3.230694070317077120e-16
7.873050000000000182e+03 3.470289090775319317e-16
7.877931999999999789e+03 3.703742181759895738e-16
7.882814000000000306e+03 3.936616840331834769e-16
7.887695999999999913e+03 3.855104037871298616e-16
7.892578000000000429e+03 3.347177457177663500e-16
7.897460000000000036e+03 3.218602611839390327e-16
7.902342000000000553e+03 3.365906867603270247e-16
7.907224000000000160e+03 2.944780405161809891e-16
7.912105999999999767e+03 2.973820735309837978e-16
7.916987999999999374e+03 2.948115770645209869e-16
7.921869999999999891e+03 3.169463997033537478e-16
7.926751999999999498e+03 3.477684689061837193e-16
7.931634000000000015e+03 3.585186786187971445e-16
7.936515999999999622e+03 3.051212476648957806e-16
7.941398000000000138e+03 3.052665874321827635e-16
7.946279999999999745e+03 3.276258961016361293e-16
7.951162000000000262e+03 3.543879476830286976e-16
7.956043999999999869e+03 3.262874034077146307e-16
7.960926000000000386e+03 3.398086021749515392e-16
7.965808000000000902e+03 3.941356921970146165e-16
7.970689999999999600e+03 3.478657482565890463e-16
7.975571999999999207e+03 3.191995384233134453e-16
7.980453999999999724e+03 3.068637723763597910e-16
7.985335999999999331e+03 3.305578329589338211e-16
7.990217999999999847e+03 3.510657691519875683e-16
7.995099999999999454e+03 3.647807380690056160e-16
7.999981999999999971e+03 3.864329663610344486e-16
8.004864000000000487e+03 4.140230182975668428e-16
8.009746000000000095e+03 4.215035203938620321e-16
8.014628000000000611e+03 4.486334422982393831e-16
8.019510000000000218e+03 4.537439924080770207e-16
8.024392000000000735e+03 4.833431166222937454e-16
8.029274000000000342e+03 5.139400709221464615e-16
8.034155999999999949e+03 5.274497325143862301e-16
8.039037999999999556e+03 5.324229502359144182e-16
8.043920000000000073e+03 5.502175295876402634e-16
8.048801999999999680e+03 6.155729955038968495e-16
8.053684000000000196e+03 6.387154886129559054e-16
8.058565999999999804e+03 6.649029426502623036e-16
8.063448000000000320e+03 6.712771592003186373e-16
8.068329999999999927e+03 6.928346663896026506e-16
8.073212000000000444e+03 7.313624721302736777e-16
8.078094000000000051e+03 7.763277881217945020e-16
8.082976000000000568e+03 7.914068180897182517e-16
8.087858000000000175e+03 8.115622629659986793e-16
8.092739999999999782e+03 8.372156941305572594e-16
8.097621999999999389e+03 8.580004691178277488e-16
8.102503999999999905e+03 9.002879214112779393e-16
8.107385999999999513e+03 9.176375925747639937e-16
8.112268000000000029e+03 9.259317498230156251e-16
8.117149999999999636e+03 9.874383196636102198e-16
8.122032000000000153e+03 1.007670316400425328e-15
8.126913999999999760e+03 1.028307788816058170e-15
8.131796000000000276e+03 1.064530400245799287e-15
8.136677999999999884e+03 1.068997429656728444e-15
8.141560000000000400e+03 1.078788257102481395e-15
8.146442000000000007e+03 1.082277787617215965e-15
8.151324000000000524e+03 1.083412404829937907e-15
8.156206000000000131e+03 1.063165516625800809e-15
8.161087999999999738e+03 1.115480484432603950e-15
8.165969999999999345e+03 1.174322563057984443e-15
8.170851999999999862e+03 1.170350672067514358e-15
8.175733999999999469e+03 1.062827599568507673e-15
8.180615999999999985e+03 1.012011461793702444e-15
8.185497999999999593e+03 1.122976101700115423e-15
8.190380000000000109e+03 8.992932328155158399e-16
8.195262000000000626e+03 9.262873372286142928e-16
8.200144000000000233e+03 9.566355983220326089e-16
8.205025999999999840e+03 9.079507714032137001e-16
8.209908000000001266e+03 9.549855962454285187e-16
8.214790000000000873e+03 9.780423343233894524e-16
8.219671999999998661e+03 9.964404114350801800e-16
8.224554000000000087e+03 1.032475768776485944e-15
8.229435999999999694e+03 1.078429705653423454e-15
8.234317999999999302e+03 1.131978648952479445e-15
8.239200000000000728e+03 1.142812903932812397e-15
8.244082000000000335e+03 1.110920786219058283e-15
8.248963999999999942e+03 1.001859607947537895e-15
8.253845999999999549e+03 1.053459070539407836e-15
8.258728000000000975e+03 1.103992462208112954e-15
8.263610000000000582e+03 1.056249855331324126e-15
8.268492000000000189e+03 9.727263411818934960e-16
8.273373999999999796e+03 9.942448439471559390e-16
8.278256000000001222e+03 9.666243907525836724e-16
8.283138000000000829e+03 9.205441121978631322e-16
8.288020000000000437e+03 8.904960382671803430e-16
8.292902000000000044e+03 8.650072394100610535e-16
8.297783999999999651e+03 7.803549437115676301e-16
8.302665999999999258e+03 8.372787393317700275e-16
8.307548000000000684e+03 8.634600257886123433e-16
8.312430000000000291e+03 9.196611279522409733e-16
8.317311999999999898e+03 9.696818873529581678e-16
8.322193999999999505e+03 9.466399182720780379e-16
8.327076000000000931e+03 9.408104873792801309e-16
8.331958000000000538e+03 8.751789638365465641e-16
8.336840000000000146e+03 8.877766666796210547e-16
8.341721999999999753e+03 8.379892887750927433e-16
8.346603999999999360e+03 8.939625726341627236e-16
8.351485999999998967e+03 9.250479215075738271e-16
8.356368000000000393e+03 9.390845036173217255e-16
8.361250000000000000e+03 9.505659002457896628e-16
8.366131999999999607e+03 9.599668826186394208e-16
8.371013999999999214e+03 8.843571464679468441e-16
8.375896000000000640e+03 9.063226128226113982e-16
8.380778000000000247e+03 8.536026919192866658e-16
8.385659999999999854e+03 8.313133478140838668e-16
8.390541999999999462e+03 8.877338797021761382e-16
8.395424000000000888e+03 9.252574010609635314e-16
8.400306000000000495e+03 9.658100993834675257e-16
8.405188000000000102e+03 9.945360200242149843e-16
8.410069999999999709e+03 1.024294690486766295e-15
8.414951999999999316e+03 9.287760980745835935e-16
8.419833999999998923e+03 9.033556896149115708e-16
8.424716000000000349e+03 8.940026585246138079e-16
8.429597999999999956e+03 6.851252505095255736e-16
8.434479999999999563e+03 6.584428088898198698e-16
8.439361999999999171e+03 5.309169948689131153e-16
8.444244000000000597e+03 4.964237209647596398e-16
8.449126000000000204e+03 4.065033058818671082e-16
8.454007999999999811e+03 4.059481513401503410e-16
8.458890000000001237e+03 4.155174356126063182e-16
8.463772000000000844e+03 4.241585334228523729e-16
8.468653999999998632e+03 4.378380032056520993e-16
8.473536000000000058e+03 4.748890930753662299e-16
8.478417999999999665e+03 5.001750912453102916e-16
8.483299999999999272e+03 5.412215808552723026e-16
8.488182000000000698e+03 5.563656110912221274e-16
8.493064000000000306e+03 5.194508297281851940e-16
8.497945999999999913e+03 5.336586240127568761e-16
8.502827999999999520e+03 4.631805122286073654e-16
8.507710000000000946e+03 4.813343826607878716e-16
8.512592000000000553e+03 4.388992784104849892e-16
8.517474000000000160e+03 4.561007324354782010e-16
8.522355999999999767e+03 5.035988767410930739e-16
8.527238000000001193e+03 5.193700958633379331e-16
8.532120000000000800e+03 5.497183202716171292e-16
8.537002000000000407e+03 5.682751453619966564e-16
8.541884000000000015e+03 5.966439184751993693e-16
8.546765999999999622e+03 6.147226089118704925e-16
8.551647999999999229e+03 6.230027963376392475e-16
8.556530000000000655e+03 6.034319540998163936e-16
8.561412000000000262e+03 6.448249280133837688e-16
8.566293999999999869e+03 6.165356469961722404e-16
8.571175999999999476e+03 6.116377673235849874e-16
8.576058000000000902e+03 6.100455619430940131e-16
8.580940000000000509e+03 6.317833987955629911e-16
8.585822000000000116e+03 6.398849720743947984e-16
8.590703999999999724e+03 6.463465529587656789e-16
8.595585999999999331e+03 6.666337440065614923e-16
8.600467999999998938e+03 6.834699481252302983e-16
8.605350000000000364e+03 7.171413141572533016e-16
8.610231999999999971e+03 7.258005915505935471e-16
8.615113999999999578e+03 7.463451967328929852e-16
8.619995999999999185e+03 7.153892204526869599e-16
8.624878000000000611e+03 7.014542616243322598e-16
8.629760000000000218e+03 7.332935472830733899e-16
8.634641999999999825e+03 7.251426500482124191e-16
8.639523999999999432e+03 7.280527726611622725e-16
8.644406000000000859e+03 7.103957855407532407e-16
8.649288000000000466e+03 7.512256502487582891e-16
8.654170000000000073e+03 7.589104558070478536e-16
8.659052000000001499e+03 7.714178826198318238e-16
8.663933999999999287e+03 7.651656890516159916e-16
8.668815999999998894e+03 7.766094537074939176e-16
8.673698000000000320e+03 8.009441514149686599e-16
8.678579999999999927e+03 8.082274764700929631e-16
8.683461999999999534e+03 8.006131057229520106e-16
8.688343999999999141e+03 7.815277829838384740e-16
8.693226000000000568e+03 7.911932097808313247e-16
8.698108000000000175e+03 8.093946093956444723e-16
8.702989999999999782e+03 8.213323372286242063e-16
8.707872000000001208e+03 8.321836493988015891e-16
8.712754000000000815e+03 8.485125142974251909e-16
8.717635999999998603e+03 8.617829180343644577e-16
8.722518000000000029e+03 9.057815935665906355e-16
8.727399999999999636e+03 9.061163176426975344e-16
8.732281999999999243e+03 8.784288117453041422e-16
8.737164000000000669e+03 9.406437438268580801e-16
8.742046000000000276e+03 9.844237283097344108e-16
8.746927999999999884e+03 9.992274077222500638e-16
8.751809999999999491e+03 1.044555945514125597e-15
8.756692000000000917e+03 1.049787633654218754e-15
8.761574000000000524e+03 1.007990854222507251e-15
8.766456000000000131e+03 1.072949608971731330e-15
8.771337999999999738e+03 1.125019897275706044e-15
8.776220000000001164e+03 1.110137419523129639e-15
8.781102000000000771e+03 1.143796666939790011e-15
8.785984000000000378e+03 1.181696336747237687e-15
8.790865999999999985e+03 1.236901873218968717e-15
8.795747999999999593e+03 1.182463424963394551e-15
8.800629999999999200e+03 1.145713060189877908e-15
8.805512000000000626e+03 1.237724598634291741e-15
8.810394000000000233e+03 1.340202981155267489e-15
8.815275999999999840e+03 1.296384360917666684e-15
8.820157999999999447e+03 1.234665556755623765e-15
8.825040000000000873e+03 1.292829564727560995e-15
8.829922000000000480e+03 1.347411043791932638e-15
8.834804000000000087e+03 1.384689304793115263e-15
8.839685999999999694e+03 1.368125534962395023e-15
8.844567999999999302e+03 1.353929771197957993e-15
8.849449999999998909e+03 1.418630620333675764e-15
8.854332000000000335e+03 1.185347283134959191e-15
8.859213999999999942e+03 1.028425827427275102e-15
8.864095999999999549e+03 9.801681997536099840e-16
8.868977999999999156e+03 8.729458175337965552e-16
8.873860000000000582e+03 9.291730250907392357e-16
8.878742000000000189e+03 9.668407649324123784e-16
8.883623999999999796e+03 1.017299763471644737e-15
8.888505999999999403e+03 1.059980459754801949e-15
8.893388000000000829e+03 1.062833986952239864e-15
8.898270000000000437e+03 1.168391373426708816e-15
8.903152000000000044e+03 1.172455614424484086e-15
8.908034000000001470e+03 1.163514588228066560e-15
8.912915999999999258e+03 1.221474805563247109e-15
8.917797999999998865e+03 1.209911587429926158e-15
8.922680000000000291e+03 1.220346656432069502e-15
8.927561999999999898e+03 1.308220697767287629e-15
8.932443999999999505e+03 1.195236651135974380e-15
8.937326000000000931e+03 1.085726037996714470e-15
8.942208000000000538e+03 1.103325727059017784e-15
8.947090000000000146e+03 1.111459371463900654e-15
8.951971999999999753e+03 1.146133263416627138e-15
8.956854000000001179e+03 1.152046793177337312e-15
8.961735999999998967e+03 1.152594831114295786e-15
8.966618000000000393e+03 1.179254894276298502e-15
8.971500000000000000e+03 1.230034465201372500e-15
8.976381999999999607e+03 1.246065661306838556e-15
8.981263999999999214e+03 1.310514441861775692e-15
8.986146000000000640e+03 1.342153251536252708e-15
8.991028000000000247e+03 1.338240453004092320e-15
8.995909999999999854e+03 1.335796445895533814e-15
9.000791999999999462e+03 1.451853547931164024e-15
9.005674000000000888e+03 1.461452404770683927e-15
9.010556000000000495e+03 1.444491448468951800e-15
9.015438000000000102e+03 1.384067248258907194e-15
9.020319999999999709e+03 1.337802524460841087e-15
9.025202000000001135e+03 1.330320233191804042e-15
9.030084000000000742e+03 1.398147157210158865e-15
9.034966000000000349e+03 1.451675730626129682e-15
9.039847999999999956e+03 1.451785253053767277e-15
9.044729999999999563e+03 1.465563273958121127e-15
9.049611999999999171e+03 1.440288330915569208e-15
9.054494000000000597e+03 1.423166384371159204e-15
9.059376000000000204e+03 1.449871176935581081e-15
9.064257999999999811e+03 1.408019070407560767e-15
9.069139999999999418e+03 1.433840097501023770e-15
9.074022000000000844e+03 1.486951679198079036e-15
9.078904000000000451e+03 1.517143936296602074e-15
9.083786000000000058e+03 1.493368958501072020e-15
9.088667999999999665e+03 1.535297619930350045e-15
9.093549999999999272e+03 1.578498964095807138e-15
9.098431999999998880e+03 1.584267674937676468e-15
9.103314000000000306e+03 1.540595182272443514e-15
9.108195999999999913e+03 1.580847653869290431e-15
9.113077999999999520e+03 1.618301367772531561e-15
9.117959999999999127e+03 1.640102500000000306e-15
9.122842000000000553e+03 1.633071233703924906e-15
9.127724000000000160e+03 1.635038034095634277e-15
9.132605999999999767e+03 1.632261977380718572e-15
9.137487999999999374e+03 1.597707743898061594e-15
9.142370000000000800e+03 1.627996843619980344e-15
9.147252000000000407e+03 1.649957718406450001e-15
9.152134000000000015e+03 1.732669911921340378e-15
9.157016000000001441e+03 1.676697024453844728e-15
9.161898000000001048e+03 1.699947088672669025e-15
9.166779999999998836e+03 1.735397419705038625e-15
9.171662000000000262e+03 1.734818544333776320e-15
9.176543999999999869e+03 1.731477231872183264e-15
9.181425999999999476e+03 1.755604360326300455e-15
9.186308000000000902e+03 1.786755933877489399e-15
9.191190000000000509e+03 1.779408871687352633e-15
9.196072000000000116e+03 1.788757526443432788e-15
9.200953999999999724e+03 1.751834545852499971e-15
9.205836000000001150e+03 1.647169855936359285e-15
9.210718000000000757e+03 1.669272031113988187e-15
9.215600000000000364e+03 1.620375912836462054e-15
9.220481999999999971e+03 1.568954142667287646e-15
9.225363999999999578e+03 1.479948143119578314e-15
9.230245999999999185e+03 1.426890393370503007e-15
9.235128000000000611e+03 1.458745702990582808e-15
9.240010000000000218e+03 1.476093976606958538e-15
9.244891999999999825e+03 1.444508725207478416e-15
9.249773999999999432e+03 1.449491795048856408e-15
9.254656000000000859e+03 1.477008007812985965e-15
9.259538000000000466e+03 1.532604387262853319e-15
9.264420000000000073e+03 1.522628694130283309e-15
9.269301999999999680e+03 1.486238049296274762e-15
9.274184000000001106e+03 1.427325407619824916e-15
9.279066000000000713e+03 1.399926962658339575e-15
9.283948000000000320e+03 1.415384610963724048e-15
9.288829999999999927e+03 1.431287731769772805e-15
9.293711999999999534e+03 1.423905297371685618e-15
9.298593999999999141e+03 1.410041592175337827e-15
9.303476000000000568e+03 1.392100000000000079e-15
9.308358000000000175e+03 nan
9.313239999999999782e+03 nan
9.318121999999999389e+03 nan
9.323004000000000815e+03 nan
9.327886000000000422e+03 nan
9.332768000000000029e+03 nan
9.337649999999999636e+03 nan
9.342531999999999243e+03 nan
9.347413999999998850e+03 nan
9.352296000000000276e+03 nan
9.357177999999999884e+03 nan
9.362059999999999491e+03 nan
9.366941999999999098e+03 nan
9.371824000000000524e+03 nan
9.376706000000000131e+03 nan
9.381587999999999738e+03 nan
9.386470000000001164e+03 nan
9.391352000000000771e+03 nan
9.396234000000000378e+03 nan
9.401115999999999985e+03 nan
9.405998000000001412e+03 nan
9.410880000000001019e+03 nan
9.415761999999998807e+03 nan
9.420644000000000233e+03 nan
9.425525999999999840e+03 nan
9.430407999999999447e+03 nan
9.435290000000000873e+03 nan
9.440172000000000480e+03 nan
9.445054000000000087e+03 nan
9.449935999999999694e+03 nan
9.454818000000001120e+03 nan
9.459700000000000728e+03 nan
9.464582000000000335e+03 nan
9.469463999999999942e+03 nan
9.474345999999999549e+03 nan
9.479227999999999156e+03 nan
9.484110000000000582e+03 nan
9.488992000000000189e+03 nan
9.493873999999999796e+03 nan
9.498755999999999403e+03 nan
9.503638000000000829e+03 nan
9.508520000000000437e+03 nan
9.513402000000000044e+03 nan
9.518283999999999651e+03 nan
9.523166000000001077e+03 nan
9.528048000000000684e+03 nan
9.532930000000000291e+03 nan
9.537811999999999898e+03 nan
9.542694000000001324e+03 nan
9.547576000000000931e+03 nan
9.552458000000000538e+03 nan
9.557340000000001965e+03 nan
9.562221999999999753e+03 nan
9.567104000000001179e+03 nan
9.571985999999998967e+03 nan
9.576867999999998574e+03 nan
9.581750000000000000e+03 nan
9.586631999999999607e+03 nan
9.591513999999999214e+03 nan
9.596395999999998821e+03 nan
9.601278000000000247e+03 nan
9.606159999999999854e+03 nan
9.611041999999999462e+03 nan
9.615923999999999069e+03 nan
9.620806000000000495e+03 nan
9.625688000000000102e+03 nan
9.630569999999999709e+03 nan
9.635452000000001135e+03 nan
9.640334000000000742e+03 nan
9.645216000000000349e+03 nan
9.650097999999999956e+03 nan
9.654980000000001382e+03 nan
9.659862000000000990e+03 nan
9.664744000000000597e+03 nan
9.669626000000000204e+03 nan
9.674508000000001630e+03 nan
9.679390000000001237e+03 nan
9.684271999999999025e+03 nan
9.689154000000000451e+03 nan
9.694036000000000058e+03 nan
9.698917999999999665e+03 nan
9.703799999999999272e+03 nan
9.708681999999998880e+03 nan
9.713564000000000306e+03 nan
9.718445999999999913e+03 nan
9.723327999999999520e+03 nan
9.728209999999999127e+03 nan
9.733092000000000553e+03 nan
9.737974000000000160e+03 nan
9.742855999999999767e+03 nan
9.747737999999999374e+03 nan
9.752620000000000800e+03 nan
9.757502000000000407e+03 nan
9.762384000000000015e+03 nan
9.767265999999999622e+03 nan
9.772148000000001048e+03 nan
9.777030000000000655e+03 nan
9.781912000000000262e+03 nan
9.786793999999999869e+03 nan
9.791676000000001295e+03 nan
9.796558000000000902e+03 nan
9.801440000000000509e+03 nan
9.806321999999998297e+03 nan
9.811204000000001543e+03 nan
9.816085999999999331e+03 nan
9.820968000000000757e+03 nan
9.825849999999998545e+03 nan
9.830731999999999971e+03 nan
9.835613999999999578e+03 nan
9.840495999999999185e+03 nan
9.845377999999998792e+03 nan
9.850260000000000218e+03 nan
9.855141999999999825e+03 nan
9.860023999999999432e+03 nan
9.864905999999999040e+03 nan
9.869788000000000466e+03 nan
9.874670000000000073e+03 nan
9.879551999999999680e+03 nan
9.884434000000001106e+03 nan
9.889316000000000713e+03 nan
9.894198000000000320e+03 nan
9.899079999999999927e+03 nan
9.903962000000001353e+03 nan
9.908844000000000960e+03 nan
9.913726000000000568e+03 nan
9.918608000000000175e+03 nan
9.923490000000001601e+03 nan
9.928372000000001208e+03 nan
9.933254000000000815e+03 nan
9.938135999999998603e+03 nan
9.943018000000001848e+03 nan
9.947899999999999636e+03 nan
9.952781999999999243e+03 nan
9.957663999999998850e+03 nan
9.962546000000000276e+03 nan
9.967427999999999884e+03 nan
9.972309999999999491e+03 nan
9.977191999999999098e+03 nan
9.982074000000000524e+03 nan
9.986956000000000131e+03 nan
9.991837999999999738e+03 nan
9.996719999999999345e+03 nan
1.000160200000000077e+04 nan
1.000648400000000038e+04 nan
1.001136599999999999e+04 nan
1.001624799999999959e+04 nan
1.002113000000000102e+04 nan
1.002601200000000063e+04 nan
1.003089400000000023e+04 nan
1.003577599999999984e+04 nan
1.004065800000000127e+04 nan
1.004554000000000087e+04 nan
1.005042200000000048e+04 nan
1.005530400000000191e+04 nan
1.006018599999999969e+04 nan
1.006506800000000112e+04 nan
1.006994999999999891e+04 nan
1.007483199999999852e+04 nan
1.007971399999999994e+04 nan
1.008459599999999955e+04 nan
1.008947799999999916e+04 nan
1.009435999999999876e+04 nan
1.009924200000000019e+04 nan
1.010412399999999980e+04 nan
1.010900599999999940e+04 nan
1.011388800000000083e+04 nan
1.011877000000000044e+04 nan
1.012365200000000004e+04 nan
1.012853399999999965e+04 nan
1.013341600000000108e+04 nan
1.013829800000000068e+04 nan
1.014318000000000029e+04 nan
1.014806199999999990e+04 nan
1.015294400000000132e+04 nan
1.015782600000000093e+04 nan
1.016270800000000054e+04 nan
1.016759000000000015e+04 nan
1.017247199999999793e+04 nan
1.017735400000000118e+04 nan
1.018223599999999897e+04 nan
1.018711800000000039e+04 nan
1.019200000000000000e+04 nan
1.019688200000000143e+04 nan
1.020176399999999921e+04 nan
1.020664599999999882e+04 nan
1.021152800000000025e+04 nan
1.021640999999999985e+04 nan
1.022129199999999946e+04 nan
1.022617399999999907e+04 nan
1.023105600000000049e+04 nan
1.023593800000000010e+04 nan
1.024081999999999971e+04 nan
1.024570199999999932e+04 nan
1.025058400000000074e+04 nan
1.025546600000000035e+04 nan
1.026034799999999996e+04 nan
1.026522999999999956e+04 nan
1.027011200000000099e+04 nan
1.027499400000000060e+04 nan
1.027987600000000020e+04 nan
1.028475800000000163e+04 nan
1.028964000000000124e+04 nan
1.029452200000000084e+04 nan
1.029940400000000045e+04 nan
1.030428599999999824e+04 nan
1.030916800000000148e+04 nan
1.031404999999999927e+04 nan
1.031893200000000070e+04 nan
1.032381399999999849e+04 nan
1.032869600000000173e+04 nan
1.033357799999999952e+04 nan
1.033845999999999913e+04 nan
1.034334199999999873e+04 nan
1.034822400000000016e+04 nan
1.035310599999999977e+04 nan
1.035798799999999937e+04 nan
1.036287000000000080e+04 nan
1.036775200000000041e+04 nan
1.037263400000000001e+04 nan
1.037751599999999962e+04 nan
1.038239800000000105e+04 nan
1.038728000000000065e+04 nan
1.039216200000000026e+04 nan
1.039704399999999987e+04 nan
1.040192600000000130e+04 nan
1.040680800000000090e+04 nan
1.041169000000000051e+04 nan
1.041657200000000012e+04 nan
1.042145400000000154e+04 nan
1.042633599999999933e+04 nan
1.043121800000000076e+04 nan
1.043609999999999854e+04 nan
1.044098200000000179e+04 nan
1.044586399999999958e+04 nan
1.045074600000000100e+04 nan
1.045562799999999879e+04 nan
1.046051000000000022e+04 nan
1.046539199999999983e+04 nan
1.047027399999999943e+04 nan
1.047515599999999904e+04 nan
1.048003800000000047e+04 nan
1.048492000000000007e+04 nan
1.048980199999999968e+04 nan
1.049468399999999929e+04 nan
1.049956600000000071e+04 nan
1.050444800000000032e+04 nan
1.050932999999999993e+04 nan
1.051421199999999953e+04 nan
1.051909400000000096e+04 nan
1.052397600000000057e+04 nan
1.052885800000000017e+04 nan
1.053374000000000160e+04 nan
1.053862200000000121e+04 nan
1.054350400000000081e+04 nan
1.054838599999999860e+04 nan
1.055326800000000185e+04 nan
1.055814999999999964e+04 nan
1.056303200000000106e+04 nan
1.056791399999999885e+04 nan
1.057279600000000210e+04 nan
1.057767799999999988e+04 nan
1.058255999999999949e+04 nan
1.058744199999999910e+04 nan
1.059232399999999870e+04 nan
1.059720600000000013e+04 nan
1.060208799999999974e+04 nan
1.060696999999999935e+04 nan
1.061185200000000077e+04 nan
1.061673400000000038e+04 nan
1.062161599999999999e+04 nan
1.062649799999999959e+04 nan
1.063138000000000102e+04 nan
1.063626200000000063e+04 nan
1.064114400000000023e+04 nan
1.064602599999999984e+04 nan
1.065090800000000127e+04 nan
1.065579000000000087e+04 nan
1.066067200000000048e+04 nan
1.066555400000000009e+04 nan
1.067043600000000151e+04 nan
1.067531800000000112e+04 nan
1.068019999999999891e+04 nan
